%YAML:1.0
---
image_width: 1920
image_height: 1080
camera_matrix: !!opencv-matrix
   rows: 3
   cols: 3
   dt: d
   data: [ 1.7029685035042928e+03, 0., 8.1682505326141188e+02, 0.,
       1.6926345087104035e+03, 5.4399267695853246e+02, 0., 0., 1. ]
distortion_coefficients: !!opencv-matrix
   rows: 1
   cols: 5
   dt: d
   data: [ -3.6101581628770013e-01, -7.8664514768629859e-02,
       -6.1884848467601969e-03, 7.1807761755458789e-03,
       5.8591430244348275e-01 ]
square_size: 9.7712967912102649e-38
