%YAML:1.0
---
image_width: 2008
image_height: 1518
camera_matrix: !!opencv-matrix
   rows: 3
   cols: 3
   dt: f
   data: [ 2.17697485e+03, 0., 9.86452759e+02, 0., 2.17750830e+03,
       7.43682373e+02, 0., 0., 1. ]
distortion_coefficients: !!opencv-matrix
   rows: 1
   cols: 5
   dt: f
   data: [ -1.69496641e-01, 3.70487630e-01, -5.54678077e-03,
       -4.35905810e-03, -4.28632677e-01 ]
