%YAML:1.0
---
image_width: 1920
image_height: 1080
camera_matrix: !!opencv-matrix
   rows: 3
   cols: 3
   dt: f
   data: [ 1.74247864e+03, 0., 9.02183228e+02, 0., 1.73150928e+03,
       4.97293976e+02, 0., 0., 1. ]
distortion_coefficients: !!opencv-matrix
   rows: 1
   cols: 5
   dt: f
   data: [ -3.85151863e-01, 2.35175639e-01, -1.44674745e-03,
       2.94666365e-03, -6.22546151e-02 ]
