%YAML:1.0
---
image_width: 1920
image_height: 1080
camera_matrix: !!opencv-matrix
   rows: 3
   cols: 3
   dt: f
   data: [ 1.74117175e+03, 0., 9.57635132e+02, 0., 1.73612415e+03,
       5.04565582e+02, 0., 0., 1. ]
distortion_coefficients: !!opencv-matrix
   rows: 1
   cols: 5
   dt: f
   data: [ -3.77836972e-01, 2.56257027e-01, -2.76539882e-04,
       5.50488294e-05, -1.62313581e-01 ]
