%YAML:1.0
---
aruco_bc_dict: ARUCO_MIP_16h3
aruco_bc_nmarkers: 5
aruco_bc_mInfoType: 0
aruco_bc_markers:
 #  - { id:7, corners:[[261.000,49.000,22.500],[261.000,69.000,22.500],[261.000,69.000,2.500],[261.000,49.000,2.500]] }
 #  - { id:8, corners:[[258.500,71.500,22.500],[238.500,71.500,22.500],[238.500,71.500,2.500],[258.500,71.500,2.500]] }
 #  - { id:9, corners:[[236.000,69.000,22.500],[236.000,49.000,22.500],[236.000,49.000,2.500],[236.000,69.000,2.500]] }
 #  - { id:6, corners:[[238.500,46.500,22.500],[258.500,46.500,22.500],[258.500,46.500,2.500],[238.500,46.500,2.500]] }
 #  - { id:10, corners:[[238.500,49.000,25.000],[238.500,69.000,25.000],[258.500,69.000,25.000],[258.500,49.000,25.000]] }
#   - { id:12, corners:[[-261.000,-49.000,22.500],[-261.000,-69.000,22.500],[-261.000,-69.000,2.500],[-261.000,-49.000,2.500]] }
 #  - { id:13, corners:[[-258.500,-71.500,22.500],[-238.500,-71.500,22.500],[-238.500,-71.500,2.500],[-258.500,-71.500,2.500]] }
 #  - { id:14, corners:[[-236.000,-69.000,22.500],[-236.000,-49.000,22.500],[-236.000,-49.000,2.500],[-236.000,-69.000,2.500]] }
 #  - { id:11, corners:[[-238.500,-46.500,22.500],[-258.500,-46.500,22.500],[-258.500,-46.500,2.500],[-238.500,-46.500,2.500]] }
 #  - { id:15, corners:[[-238.500,-49.000,25.000],[-238.500,-69.000,25.000],[-258.500,-69.000,25.000],[-258.500,-49.000,25.000]] }
   
   - { id:7, corners:[[0.000,2.500,22.500],[0.000,22.500,22.500],[0.000,22.500,2.500],[0.000,2.500,2.500]] }
   - { id:8, corners:[[2.500,25.000,22.500],[22.500,25.000,22.500],[22.500,25.000,2.500],[2.500,25.000,2.500]] }
   - { id:9, corners:[[25.000,22.500,22.500],[25.000,2.500,22.500],[25.000,2.500,2.500],[25.000,22.500,2.500]] }
   - { id:6, corners:[[22.500,0.000,22.500],[2.500,0.000,22.500],[2.500,0.000,2.500],[22.500,0.000,2.500]] }
   - { id:10, corners:[[2.500,22.500,25.000],[2.500,2.500,25.000],[22.500,2.500,25.000],[22.500,22.500,25.000]] }
#   - { id:12, corners:[[182.000,138.500,22.500],[182.000,118.500,22.500],[182.000,118.500,2.500],[182.000,138.500,2.500]] }
#   - { id:13, corners:[[179.500,116.000,22.500],[159.500,116.000,22.500],[159.500,116.000,2.500],[179.500,116.000,2.500]] }
#   - { id:14, corners:[[157.000,118.500,22.500],[157.000,138.500,22.500],[157.000,138.500,2.500],[157.000,118.500,2.500]] }
#   - { id:11, corners:[[159.500,141.000,22.500],[179.500,141.000,22.500],[179.500,141.000,2.500],[159.500,141.000,2.500]] }
#   - { id:15, corners:[[179.500,118.500,25.000],[179.500,138.500,25.000],[159.500,138.500,25.000],[159.500,118.500,25.000]] }
#   - { id:12, corners:[[-261.000,-49.000,22.500],[-261.000,-69.000,22.500],[-261.000,-69.000,2.500],[-261.000,-49.000,2.500]] }
 #  - { id:13, corners:[[-258.500,-71.500,22.500],[-238.500,-71.500,22.500],[-238.500,-71.500,2.500],[-258.500,-71.500,2.500]] }
 #  - { id:14, corners:[[-236.000,-69.000,22.500],[-236.000,-49.000,22.500],[-236.000,-49.000,2.500],[-236.000,-69.000,2.500]] }
 #  - { id:11, corners:[[-238.500,-46.500,22.500],[-258.500,-46.500,22.500],[-258.500,-46.500,2.500],[-238.500,-46.500,2.500]] }
 #  - { id:15, corners:[[-238.500,-49.000,25.000],[-238.500,-69.000,25.000],[-258.500,-69.000,25.000],[-258.500,-49.000,25.000]] }
