%YAML:1.0
---
aruco_bc_dict: ARUCO_MIP_16h3
aruco_bc_nmarkers: 10
aruco_bc_mInfoType: 0
aruco_bc_markers:
   - { id:27, corners:[[8.0411,-18.2029,52.5000],[19.7968,-2.0225,52.5000],[19.7968,-2.0225,32.5000],[8.0411,-18.2029,32.5000]] }
   - { id:28, corners:[[19.7968,2.0225,52.5000],[8.0411,18.2029,52.5000],[8.0411,18.2029,32.5000],[19.7968,2.0225,32.5000]] }
   - { id:29, corners:[[4.1940,19.4529,52.5000],[-14.8271,13.2725,52.5000],[-14.8271,13.2725,32.5000],[4.1940,19.4529,32.5000]] }
   - { id:25, corners:[[-17.2048,10.0000,52.5000],[-17.2048,-10.0000,52.5000],[-17.2048,-10.0000,32.5000],[-17.2048,10.0000,32.5000]] }
   - { id:26, corners:[[-14.8271,-13.2725,52.5000],[4.1940,-19.4529,52.5000],[4.1940,-19.4529,32.5000],[-14.8271,-13.2725,32.5000]] }
   - { id:24, corners:[[-4.1940,-19.4529,22.5000],[14.8271,-13.2725,22.5000],[14.8271,-13.2725,2.5000],[-4.1940,-19.4529,2.5000]] }
   - { id:20, corners:[[17.2048,-10.0000,22.5000],[17.2048,10.0000,22.5000],[17.2048,10.0000,2.5000],[17.2048,-10.0000,2.5000]] }
   - { id:21, corners:[[14.8271,13.2725,22.5000],[-4.1940,19.4529,22.5000],[-4.1940,19.4529,2.5000],[14.8271,13.2725,2.5000]] }
   - { id:22, corners:[[-8.0411,18.2029,22.5000],[-19.7968,2.0225,22.5000],[-19.7968,2.0225,2.5000],[-8.0411,18.2029,2.5000]] }
   - { id:23, corners:[[-19.7968,-2.0225,22.5000],[-8.0411,-18.2029,22.5000],[-8.0411,-18.2029,2.5000],[-19.7968,-2.0225,2.5000]] }

